# Migration is number of nodes that have changed color.

Round		Edge-Cut		Swaps		Migrations		Skipped
0		4278		2253		1062
1		3712		4264		1256
2		3473		6139		1357
3		3288		7932		1410
4		3186		9599		1451
5		3092		11205		1465
6		2998		12768		1496
7		2951		14278		1509
8		2894		15766		1555
9		2838		17218		1542
10		2807		18661		1552
11		2775		20088		1548
12		2763		21493		1570
13		2713		22867		1554
14		2679		24196		1565
15		2644		25478		1554
16		2631		26740		1564
17		2613		28006		1562
18		2589		29261		1579
19		2565		30470		1586
20		2543		31669		1592
21		2517		32849		1597
22		2494		34019		1597
23		2483		35166		1594
24		2454		36316		1601
25		2438		37437		1611
26		2409		38543		1615
27		2398		39648		1633
28		2371		40720		1638
29		2355		41759		1630
30		2345		42779		1631
31		2327		43795		1624
32		2311		44791		1630
33		2295		45761		1629
34		2276		46726		1632
35		2265		47658		1634
36		2257		48581		1640
37		2238		49492		1635
38		2229		50390		1637
39		2221		51276		1637
40		2214		52155		1641
41		2213		53028		1642
42		2202		53894		1643
43		2198		54759		1643
44		2194		55610		1647
45		2191		56454		1648
46		2187		57296		1652
47		2178		58143		1652
48		2176		58987		1657
49		2175		59828		1656
50		2172		60668		1657
51		2169		61503		1656
52		2167		62338		1661
53		2163		63167		1657
54		2156		63989		1661
55		2156		64810		1660
56		2152		65630		1665
57		2146		66443		1661
58		2146		67249		1663
59		2145		68052		1663
60		2146		68858		1663
61		2141		69662		1659
62		2138		70460		1661
63		2134		71256		1658
64		2132		72045		1664
65		2128		72835		1663
66		2127		73625		1662
67		2124		74410		1663
68		2124		75190		1663
69		2123		75971		1663
70		2120		76746		1661
71		2118		77520		1658
72		2115		78290		1662
73		2111		79054		1663
74		2108		79814		1666
75		2104		80569		1666
76		2103		81322		1668
77		2102		82071		1668
78		2102		82817		1668
79		2097		83564		1667
80		2096		84306		1667
81		2094		85047		1670
82		2092		85789		1668
83		2091		86528		1669
84		2088		87266		1672
85		2086		88002		1671
86		2084		88732		1672
87		2080		89459		1669
88		2079		90182		1670
89		2076		90901		1672
90		2073		91621		1671
91		2073		92335		1671
92		2072		93048		1670
93		2071		93760		1670
94		2066		94473		1672
95		2063		95176		1672
96		2063		95876		1672
97		2060		96577		1673
98		2060		97275		1673
99		2057		97968		1675
100		2053		98657		1673
101		2051		99337		1673
102		2049		100013		1672
103		2048		100689		1672
104		2047		101363		1672
105		2045		102037		1673
106		2042		102708		1673
107		2041		103373		1673
108		2040		104036		1673
109		2037		104697		1674
110		2034		105360		1673
111		2030		106016		1679
112		2029		106661		1681
113		2029		107305		1681
114		2027		107951		1681
115		2025		108591		1685
116		2022		109226		1688
117		2022		109857		1685
118		2018		110487		1689
119		2018		111109		1689
120		2016		111731		1688
121		2016		112351		1688
122		2015		112970		1688
123		2015		113589		1688
124		2015		114208		1688
125		2013		114827		1688
126		2012		115440		1689
127		2012		116052		1689
128		2012		116664		1689
129		2012		117276		1689
130		2011		117889		1689
131		2010		118500		1687
132		2009		119109		1686
133		2009		119715		1686
134		2007		120319		1687
135		2008		120923		1687
136		2007		121527		1688
137		2007		122130		1688
138		2006		122731		1687
139		2005		123334		1686
140		2004		123932		1688
141		2004		124530		1687
142		2003		125127		1689
143		2003		125722		1688
144		2002		126316		1689
145		2001		126910		1688
146		1999		127502		1689
147		1999		128091		1688
148		1998		128683		1687
149		1998		129273		1687
150		1997		129864		1689
151		1995		130450		1687
152		1995		131034		1687
153		1994		131617		1687
154		1994		132199		1687
155		1994		132781		1687
156		1993		133362		1689
157		1993		133942		1689
158		1992		134521		1689
159		1989		135098		1692
160		1989		135670		1692
161		1989		136242		1692
162		1988		136813		1691
163		1988		137383		1691
164		1987		137952		1693
165		1987		138520		1693
166		1986		139089		1692
167		1986		139655		1692
168		1985		140222		1692
169		1986		140788		1694
170		1986		141355		1693
171		1984		141920		1696
172		1984		142482		1696
173		1984		143044		1696
174		1983		143606		1696
175		1983		144168		1696
176		1983		144730		1696
177		1982		145291		1696
178		1981		145850		1696
179		1980		146407		1697
180		1980		146963		1697
181		1980		147519		1697
182		1980		148075		1697
183		1980		148631		1697
184		1980		149187		1697
185		1980		149743		1697
186		1980		150299		1697
187		1980		150855		1697
188		1980		151411		1697
189		1980		151967		1697
190		1980		152523		1697
191		1980		153079		1697
192		1980		153635		1697
193		1980		154191		1697
194		1980		154747		1697
195		1980		155303		1697
196		1979		155858		1698
197		1978		156411		1697
198		1978		156963		1697
199		1978		157515		1697
200		1978		158067		1697
201		1977		158618		1696
202		1977		159168		1696
203		1976		159717		1698
204		1976		160265		1698
205		1976		160813		1698
206		1976		161361		1698
207		1976		161909		1698
208		1976		162457		1698
209		1976		163005		1698
210		1976		163553		1698
211		1976		164101		1698
212		1976		164649		1698
213		1975		165196		1698
214		1975		165742		1698
215		1975		166288		1698
216		1974		166835		1698
217		1973		167378		1698
218		1973		167920		1698
219		1973		168462		1698
220		1973		169004		1698
221		1971		169544		1698
222		1972		170084		1699
223		1971		170627		1699
224		1971		171167		1699
225		1971		171707		1699
226		1971		172247		1699
227		1971		172787		1699
228		1971		173327		1699
229		1971		173867		1699
230		1971		174407		1699
231		1971		174947		1699
232		1971		175487		1699
233		1971		176027		1699
234		1971		176567		1699
235		1971		177107		1699
236		1971		177647		1699
237		1971		178187		1699
238		1970		178726		1701
239		1970		179264		1701
240		1970		179802		1701
241		1970		180340		1701
242		1970		180878		1701
243		1970		181416		1701
244		1970		181954		1701
245		1970		182492		1701
246		1970		183030		1701
247		1970		183568		1701
248		1970		184106		1701
249		1970		184644		1701
250		1970		185182		1701
251		1970		185720		1701
252		1970		186258		1701
253		1969		186795		1700
254		1969		187331		1700
255		1969		187867		1700
256		1969		188403		1700
257		1969		188939		1700
258		1969		189475		1700
259		1969		190011		1700
260		1969		190547		1700
261		1969		191083		1700
262		1968		191618		1702
263		1968		192152		1702
264		1968		192686		1702
265		1968		193220		1702
266		1968		193754		1702
267		1968		194288		1702
268		1968		194822		1702
269		1967		195355		1702
270		1967		195887		1702
271		1967		196419		1702
272		1966		196950		1704
273		1966		197480		1704
274		1965		198011		1702
275		1965		198539		1702
276		1964		199066		1704
277		1964		199592		1704
278		1964		200118		1704
279		1964		200644		1704
280		1964		201170		1704
281		1964		201696		1704
282		1963		202221		1704
283		1963		202745		1704
284		1963		203269		1704
285		1963		203793		1704
286		1963		204317		1704
287		1963		204841		1704
288		1963		205365		1704
289		1963		205889		1704
290		1963		206413		1704
291		1962		206936		1704
292		1962		207458		1704
293		1962		207980		1704
294		1962		208502		1704
295		1962		209024		1704
296		1962		209546		1704
297		1962		210068		1704
298		1962		210590		1704
299		1962		211112		1704
300		1962		211634		1704
301		1962		212156		1704
302		1962		212678		1704
303		1962		213200		1704
304		1962		213722		1704
305		1962		214244		1704
306		1961		214765		1703
307		1961		215285		1703
308		1961		215805		1703
309		1960		216326		1705
310		1960		216844		1705
311		1960		217362		1705
312		1960		217880		1705
313		1959		218397		1704
314		1959		218913		1704
315		1959		219429		1704
316		1959		219945		1704
317		1959		220461		1704
318		1959		220977		1704
319		1959		221493		1704
320		1959		222009		1704
321		1959		222525		1704
322		1959		223041		1704
323		1958		223556		1705
324		1958		224070		1705
325		1958		224584		1705
326		1958		225098		1705
327		1958		225612		1705
328		1958		226126		1705
329		1958		226640		1705
330		1958		227154		1705
331		1958		227668		1705
332		1958		228182		1705
333		1958		228696		1705
334		1957		229209		1705
335		1957		229721		1705
336		1957		230233		1705
337		1957		230745		1705
338		1957		231257		1705
339		1957		231769		1705
340		1957		232281		1705
341		1957		232793		1705
342		1957		233305		1705
343		1957		233817		1705
344		1957		234329		1705
345		1957		234841		1705
346		1957		235353		1705
347		1957		235865		1705
348		1957		236377		1705
349		1957		236889		1705
350		1957		237401		1705
351		1957		237913		1705
352		1957		238425		1705
353		1957		238937		1705
354		1957		239449		1705
355		1957		239961		1705
356		1957		240473		1705
357		1956		240986		1706
358		1956		241496		1706
359		1956		242006		1706
360		1956		242516		1706
361		1956		243026		1706
362		1956		243536		1706
363		1956		244046		1706
364		1956		244556		1706
365		1956		245066		1706
366		1956		245576		1706
367		1956		246086		1706
368		1956		246596		1706
369		1956		247106		1706
370		1956		247616		1706
371		1956		248126		1706
372		1956		248636		1706
373		1956		249146		1706
374		1956		249656		1706
375		1956		250166		1706
376		1956		250676		1706
377		1956		251186		1706
378		1956		251696		1706
379		1956		252206		1706
380		1956		252716		1706
381		1956		253226		1706
382		1956		253736		1706
383		1956		254246		1706
384		1956		254756		1706
385		1956		255266		1706
386		1956		255776		1706
387		1956		256286		1706
388		1956		256796		1706
389		1956		257306		1706
390		1955		257815		1706
391		1954		258322		1706
392		1954		258828		1706
393		1954		259334		1706
394		1953		259841		1704
395		1953		260345		1704
396		1953		260849		1704
397		1953		261353		1704
398		1953		261857		1704
399		1953		262361		1704
400		1952		262864		1706
401		2145		263631		1721
402		2135		264452		1719
403		2126		265246		1726
404		2116		266039		1719
405		2109		266825		1720
406		2103		267601		1721
407		2098		268369		1722
408		2093		269131		1726
409		2088		269887		1717
410		2084		270646		1723
411		2080		271394		1725
412		2079		272142		1724
413		2076		272889		1724
414		2077		273636		1723
415		2075		274379		1723
416		2074		275124		1722
417		2072		275866		1721
418		2069		276603		1719
419		2070		277341		1719
420		2069		278079		1718
421		2069		278816		1719
422		2069		279553		1718
423		2069		280290		1719
424		2069		281027		1718
425		2069		281764		1719
426		2069		282501		1718
427		2068		283239		1722
428		2067		283973		1721
429		2067		284707		1723
430		2067		285441		1721
431		2067		286175		1723
432		2068		286913		1723
433		2066		287646		1722
434		2065		288376		1721
435		2064		289104		1722
436		2063		289830		1721
437		2063		290559		1722
438		2063		291286		1721
439		2063		292013		1722
440		2063		292740		1721
441		2063		293467		1722
442		2063		294196		1721
443		2063		294924		1721
444		2062		295651		1721
445		2062		296377		1721
446		2061		297102		1721
447		2061		297827		1721
448		2061		298551		1721
449		2059		299275		1720
450		2059		299997		1720
451		2059		300719		1720
452		2059		301441		1720
453		2059		302163		1720
454		2059		302885		1720
455		2059		303607		1720
456		2059		304329		1720
457		2059		305051		1720
458		2059		305773		1720
459		2059		306495		1720
460		2059		307217		1720
461		2059		307939		1720
462		2059		308661		1720
463		2059		309383		1720
464		2059		310105		1720
465		2059		310827		1720
466		2059		311549		1720
467		2059		312271		1720
468		2058		312992		1721
469		2058		313712		1721
470		2057		314433		1720
471		2057		315151		1720
472		2057		315869		1720
473		2057		316587		1720
474		2057		317305		1720
475		2057		318023		1720
476		2057		318741		1720
477		2057		319459		1720
478		2057		320177		1720
479		2057		320895		1720
480		2057		321613		1720
481		2057		322331		1720
482		2057		323049		1720
483		2057		323767		1720
484		2057		324485		1720
485		2056		325202		1721
486		2056		325918		1721
487		2056		326634		1721
488		2056		327350		1721
489		2056		328066		1721
490		2056		328782		1721
491		2055		329497		1719
492		2054		330210		1720
493		2054		330922		1720
494		2054		331634		1720
495		2053		332345		1719
496		2053		333055		1719
497		2053		333765		1719
498		2053		334475		1719
499		2053		335185		1719
500		2053		335895		1719
501		2053		336605		1719
502		2053		337315		1719
503		2053		338025		1719
504		2052		338734		1719
505		2052		339442		1719
506		2052		340150		1719
507		2051		340857		1719
508		2050		341562		1721
509		2050		342266		1721
510		2050		342970		1721
511		2050		343674		1721
512		2050		344378		1721
513		2050		345082		1721
514		2050		345786		1721
515		2050		346490		1721
516		2049		347195		1719
517		2049		347897		1719
518		2049		348599		1719
519		2049		349301		1719
520		2049		350003		1719
521		2049		350705		1719
522		2049		351407		1719
523		2049		352109		1719
524		2049		352811		1719
525		2049		353513		1719
526		2049		354215		1719
527		2049		354917		1719
528		2049		355619		1719
529		2049		356321		1719
530		2049		357023		1719
531		2048		357724		1721
532		2048		358424		1721
533		2048		359124		1721
534		2048		359824		1721
535		2048		360524		1721
536		2048		361224		1721
537		2048		361924		1721
538		2048		362624		1721
539		2048		363324		1721
540		2048		364024		1721
541		2047		364723		1719
542		2047		365421		1719
543		2047		366119		1719
544		2046		366816		1719
545		2045		367511		1718
546		2045		368205		1718
547		2045		368899		1718
548		2045		369593		1718
549		2045		370287		1718
550		2045		370981		1718
551		2045		371675		1718
552		2044		372368		1720
553		2043		373059		1720
554		2043		373749		1720
555		2043		374439		1720
556		2043		375129		1720
557		2043		375819		1720
558		2043		376509		1720
559		2043		377199		1720
560		2043		377889		1720
561		2042		378580		1722
562		2042		379268		1722
563		2042		379956		1722
564		2042		380644		1722
565		2042		381332		1722
566		2042		382020		1722
567		2041		382707		1721
568		2041		383393		1721
569		2041		384079		1721
570		2041		384765		1721
571		2041		385451		1721
572		2041		386137		1721
573		2041		386823		1721
574		2041		387509		1721
575		2041		388195		1721
576		2041		388881		1721
577		2041		389567		1721
578		2041		390253		1721
579		2040		390938		1721
580		2040		391622		1721
581		2040		392306		1721
582		2040		392990		1721
583		2039		393673		1719
584		2039		394355		1719
585		2039		395037		1719
586		2039		395719		1719
587		2038		396400		1721
588		2038		397082		1721
589		2038		397764		1721
590		2037		398447		1723
591		2037		399127		1723
592		2036		399806		1723
593		2036		400484		1723
594		2036		401162		1723
595		2036		401840		1723
596		2036		402518		1723
597		2035		403195		1723
598		2035		403871		1723
599		2034		404546		1721
600		2034		405220		1721
601		2033		405893		1720
602		2033		406565		1720
603		2033		407237		1720
604		2033		407909		1720
605		2033		408581		1720
606		2033		409253		1720
607		2033		409925		1720
608		2032		410596		1722
609		2032		411266		1722
610		2032		411936		1722
611		2032		412606		1722
612		2032		413276		1722
613		2032		413946		1722
614		2031		414617		1721
615		2031		415285		1721
616		2031		415953		1721
617		2030		416620		1723
618		2030		417286		1723
619		2030		417952		1723
620		2030		418618		1723
621		2030		419284		1723
622		2030		419950		1723
623		2029		420615		1723
624		2029		421279		1723
625		2029		421943		1723
626		2029		422607		1723
627		2028		423270		1723
628		2029		423934		1724
629		2029		424599		1724
630		2029		425264		1724
631		2029		425928		1724
632		2028		426593		1724
633		2028		427257		1724
634		2028		427921		1724
635		2027		428584		1723
636		2027		429246		1723
637		2027		429908		1723
638		2027		430570		1723
639		2027		431232		1723
640		2026		431893		1724
641		2026		432553		1724
642		2026		433213		1724
643		2026		433873		1724
644		2026		434533		1724
645		2026		435193		1724
646		2026		435853		1724
647		2026		436513		1724
648		2026		437173		1724
649		2026		437833		1724
650		2026		438493		1724
651		2026		439153		1724
652		2026		439813		1724
653		2026		440473		1724
654		2026		441133		1724
655		2026		441793		1724
656		2026		442453		1724
657		2026		443113		1724
658		2026		443773		1724
659		2026		444433		1724
660		2026		445093		1724
661		2026		445753		1724
662		2026		446413		1724
663		2026		447073		1724
664		2026		447733		1724
665		2026		448393		1724
666		2026		449053		1724
667		2026		449713		1724
668		2026		450373		1724
669		2026		451033		1724
670		2026		451693		1724
671		2026		452353		1724
672		2026		453013		1724
673		2026		453673		1724
674		2026		454333		1724
675		2026		454993		1724
676		2026		455653		1724
677		2026		456313		1724
678		2026		456973		1724
679		2026		457633		1724
680		2026		458293		1724
681		2026		458953		1724
682		2026		459613		1724
683		2026		460273		1724
684		2026		460933		1724
685		2026		461593		1724
686		2026		462253		1724
687		2026		462913		1724
688		2026		463573		1724
689		2026		464233		1724
690		2026		464893		1724
691		2026		465553		1724
692		2026		466213		1724
693		2026		466873		1724
694		2026		467533		1724
695		2026		468193		1724
696		2026		468853		1724
697		2026		469513		1724
698		2026		470173		1724
699		2026		470833		1724
700		2026		471493		1724
701		2026		472153		1724
702		2026		472813		1724
703		2026		473473		1724
704		2026		474133		1724
705		2026		474793		1724
706		2026		475453		1724
707		2026		476113		1724
708		2026		476773		1724
709		2026		477433		1724
710		2026		478093		1724
711		2026		478753		1724
712		2026		479413		1724
713		2026		480073		1724
714		2026		480733		1724
715		2026		481393		1724
716		2026		482053		1724
717		2026		482713		1724
718		2026		483373		1724
719		2026		484033		1724
720		2026		484693		1724
721		2026		485353		1724
722		2026		486013		1724
723		2026		486673		1724
724		2025		487332		1723
725		2025		487990		1723
726		2025		488648		1723
727		2025		489306		1723
728		2025		489964		1723
729		2025		490622		1723
730		2025		491280		1723
731		2025		491938		1723
732		2025		492596		1723
733		2024		493255		1725
734		2024		493911		1725
735		2024		494567		1725
736		2024		495223		1725
737		2024		495879		1725
738		2024		496535		1725
739		2024		497191		1725
740		2024		497847		1725
741		2024		498503		1725
742		2024		499159		1725
743		2024		499815		1725
744		2024		500471		1725
745		2024		501127		1725
746		2024		501783		1725
747		2024		502439		1725
748		2024		503095		1725
749		2024		503751		1725
750		2024		504407		1725
751		2024		505063		1725
752		2024		505719		1725
753		2024		506375		1725
754		2024		507031		1725
755		2024		507687		1725
756		2024		508343		1725
757		2024		508999		1725
758		2024		509655		1725
759		2024		510311		1725
760		2024		510967		1725
761		2024		511623		1725
762		2024		512279		1725
763		2024		512935		1725
764		2024		513591		1725
765		2024		514247		1725
766		2024		514903		1725
767		2024		515559		1725
768		2024		516215		1725
769		2023		516870		1725
770		2023		517524		1725
771		2023		518178		1725
772		2023		518832		1725
773		2023		519486		1725
774		2023		520140		1725
775		2023		520794		1725
776		2023		521448		1725
777		2023		522102		1725
778		2022		522755		1725
779		2022		523407		1725
780		2022		524059		1725
781		2022		524711		1725
782		2022		525363		1725
783		2022		526015		1725
784		2022		526667		1725
785		2022		527319		1725
786		2022		527971		1725
787		2021		528622		1725
788		2021		529272		1725
789		2021		529922		1725
790		2021		530572		1725
791		2021		531222		1725
792		2021		531872		1725
793		2021		532522		1725
794		2021		533172		1725
795		2021		533822		1725
796		2021		534472		1725
797		2021		535122		1725
798		2021		535772		1725
799		2020		536421		1726
800		2020		537069		1726
801		2020		537717		1726
802		2144		538530		1738
803		2132		539365		1740
804		2126		540194		1739
805		2121		541021		1739
806		2118		541845		1741
807		2117		542663		1741
808		2116		543482		1744
809		2112		544297		1741
810		2111		545111		1740
811		2110		545923		1741
812		2108		546733		1741
813		2109		547543		1741
814		2107		548354		1743
815		2105		549162		1743
816		2105		549966		1742
817		2104		550771		1742
818		2101		551576		1739
819		2100		552377		1741
820		2101		553178		1742
821		2100		553979		1742
822		2101		554780		1741
823		2100		555579		1741
824		2097		556374		1743
825		2097		557169		1742
826		2096		557964		1743
827		2097		558759		1744
828		2097		559553		1744
829		2094		560349		1745
830		2094		561141		1745
831		2094		561933		1745
832		2094		562725		1745
833		2094		563517		1745
834		2093		564308		1745
835		2093		565098		1745
836		2093		565888		1745
837		2092		566677		1746
838		2092		567465		1746
839		2092		568253		1746
840		2092		569042		1746
841		2092		569830		1746
842		2092		570618		1746
843		2092		571406		1746
844		2092		572194		1746
845		2091		572981		1744
846		2090		573768		1746
847		2090		574552		1746
848		2090		575336		1746
849		2090		576120		1746
850		2090		576904		1746
851		2090		577688		1746
852		2090		578472		1746
853		2090		579256		1746
854		2090		580040		1746
855		2090		580824		1746
856		2089		581607		1745
857		2089		582389		1745
858		2089		583172		1745
859		2089		583954		1745
860		2089		584736		1745
861		2089		585518		1745
862		2089		586300		1745
863		2089		587082		1745
864		2089		587864		1745
865		2089		588646		1745
866		2089		589428		1745
867		2089		590210		1745
868		2089		590992		1745
869		2088		591773		1747
870		2088		592553		1747
871		2087		593335		1747
872		2086		594114		1745
873		2086		594892		1745
874		2086		595670		1745
875		2086		596448		1745
876		2086		597226		1745
877		2086		598004		1745
878		2086		598782		1745
879		2086		599560		1745
880		2086		600338		1745
881		2086		601116		1745
882		2085		601893		1747
883		2085		602669		1747
884		2085		603445		1747
885		2085		604221		1747
886		2085		604997		1747
887		2085		605773		1747
888		2085		606549		1747
889		2085		607325		1747
890		2085		608101		1747
891		2085		608877		1747
892		2085		609653		1747
893		2085		610429		1747
894		2085		611205		1747
895		2085		611981		1747
896		2085		612757		1747
897		2085		613533		1747
898		2085		614309		1747
899		2085		615085		1747
900		2085		615861		1747
901		2085		616637		1747
902		2085		617413		1747
903		2085		618189		1747
904		2085		618965		1747
905		2085		619741		1747
906		2084		620516		1747
907		2084		621290		1747
908		2084		622064		1747
909		2084		622838		1747
910		2084		623612		1747
911		2084		624386		1747
912		2084		625160		1747
913		2084		625934		1747
914		2084		626708		1747
915		2084		627482		1747
916		2083		628255		1747
917		2083		629027		1747
918		2083		629799		1747
919		2083		630571		1747
920		2083		631343		1747
921		2083		632115		1747
922		2083		632887		1747
923		2082		633658		1745
924		2082		634428		1745
925		2082		635198		1745
926		2082		635968		1745
927		2082		636738		1745
928		2082		637508		1745
929		2082		638278		1745
930		2082		639048		1745
931		2082		639818		1745
932		2082		640588		1745
933		2082		641358		1745
934		2082		642128		1745
935		2082		642898		1745
936		2082		643668		1745
937		2082		644438		1745
938		2082		645208		1745
939		2082		645978		1745
940		2082		646748		1745
941		2082		647518		1745
942		2082		648288		1745
943		2082		649058		1745
944		2082		649828		1745
945		2082		650598		1745
946		2082		651368		1745
947		2082		652138		1745
948		2082		652908		1745
949		2082		653678		1745
950		2081		654447		1746
951		2081		655215		1746
952		2081		655983		1746
953		2080		656752		1746
954		2080		657518		1746
955		2080		658284		1746
956		2080		659050		1746
957		2080		659816		1746
958		2080		660582		1746
959		2079		661347		1746
960		2079		662111		1746
961		2078		662874		1746
962		2078		663636		1746
963		2078		664398		1746
964		2078		665160		1746
965		2078		665922		1746
966		2077		666685		1748
967		2077		667445		1748
968		2077		668205		1748
969		2077		668965		1748
970		2077		669725		1748
971		2076		670484		1747
972		2076		671242		1747
973		2076		672000		1747
974		2076		672758		1747
975		2076		673516		1747
976		2076		674274		1747
977		2076		675032		1747
978		2076		675790		1747
979		2076		676548		1747
980		2076		677306		1747
981		2076		678064		1747
982		2076		678822		1747
983		2076		679580		1747
984		2076		680338		1747
985		2076		681096		1747
986		2076		681854		1747
987		2076		682612		1747
988		2076		683370		1747
989		2076		684128		1747
990		2076		684886		1747
991		2076		685644		1747
992		2076		686402		1747
993		2076		687160		1747
994		2076		687918		1747
995		2076		688676		1747
996		2076		689434		1747
997		2076		690192		1747
998		2076		690950		1747
999		2075		691707		1747
